\begin{verbatim}

MIGRAD MINIMIZATION HAS CONVERGED.
 MIGRAD WILL VERIFY CONVERGENCE AND ERROR MATRIX.
 COVARIANCE MATRIX CALCULATED SUCCESSFULLY
 FCN=-7077.96 FROM MIGRAD    STATUS=CONVERGED     112 CALLS         113 TOTAL
                     EDM=2.46105e-07    STRATEGY= 1      ERROR MATRIX ACCURATE 
  EXT PARAMETER                                   STEP         FIRST   
  NO.   NAME      VALUE            ERROR          SIZE      DERIVATIVE 
   1  power2_WpJ_tagjet_mass   2.84892e+00   1.64869e-01   7.64011e-05  -9.58036e-02
   2  power_WpJ_tagjet_mass  -1.00232e+01   8.85641e-01   2.89615e-04  -4.02257e-02
   3  r_signal     1.00814e+00   8.26727e-02   1.52567e-05   2.89272e-01
   4  top_nrm      9.97650e-01   6.84706e-02   1.11706e-03   8.00295e-04
                               ERR DEF= 0.5
 EXTERNAL ERROR MATRIX.    NDIM=  42    NPAR=  4    ERR DEF=0.5
  2.718e-02 -1.434e-01  1.697e-03 -1.034e-03 
 -1.434e-01  7.846e-01 -1.509e-03  6.377e-04 
  1.697e-03 -1.509e-03  6.835e-03 -4.102e-03 
 -1.034e-03  6.377e-04 -4.102e-03  4.689e-03 
 PARAMETER  CORRELATION COEFFICIENTS  
       NO.  GLOBAL      1      2      3      4
        1  0.98746   1.000 -0.982  0.125 -0.092
        2  0.98726  -0.982  1.000 -0.021  0.011
        3  0.77172   0.125 -0.021  1.000 -0.725
        4  0.72544  -0.092  0.011 -0.725  1.000
 **********
 **   15 **HESSE        2000
 **********
 COVARIANCE MATRIX CALCULATED SUCCESSFULLY
 FCN=-7077.96 FROM HESSE     STATUS=OK             23 CALLS         136 TOTAL
                     EDM=3.30624e-07    STRATEGY= 1      ERROR MATRIX ACCURATE 
  EXT PARAMETER                                INTERNAL      INTERNAL  
  NO.   NAME      VALUE            ERROR       STEP SIZE       VALUE   
   1  power2_WpJ_tagjet_mass   2.84892e+00   1.94235e-01   3.05604e-06   1.42932e-01
   2  power_WpJ_tagjet_mass  -1.00232e+01   1.04323e+00   1.15846e-05  -3.40659e-01
   3  r_signal     1.00814e+00   8.28669e-02   6.10267e-07   5.04071e-03
   4  top_nrm      9.97650e-01   6.86006e-02   4.46823e-05  -4.72822e-01
                               ERR DEF= 0.5
 EXTERNAL ERROR MATRIX.    NDIM=  42    NPAR=  4    ERR DEF=0.5
  3.773e-02 -2.000e-01  2.105e-03 -1.277e-03 
 -2.000e-01  1.089e+00 -3.681e-03  1.922e-03 
  2.105e-03 -3.681e-03  6.867e-03 -4.126e-03 
 -1.277e-03  1.922e-03 -4.126e-03  4.707e-03 
 PARAMETER  CORRELATION COEFFICIENTS  
       NO.  GLOBAL      1      2      3      4
        1  0.99098   1.000 -0.987  0.131 -0.096
        2  0.99084  -0.987  1.000 -0.043  0.027
        3  0.77296   0.131 -0.043  1.000 -0.726
        4  0.72668  -0.096  0.027 -0.726  1.000

  RooFitResult: minimized FCN value: -7077.96, estimated distance to minimum: 3.30624e-07
                covariance matrix quality: Full, accurate covariance matrix
                Status : MIGRAD=0 HESSE=0 

    Floating Parameter    FinalValue +/-  Error   
  --------------------  --------------------------
  power2_WpJ_tagjet_mass    2.8489e+00 +/-  1.94e-01
  power_WpJ_tagjet_mass   -1.0023e+01 +/-  1.04e+00
              r_signal    1.0081e+00 +/-  8.29e-02
               top_nrm    9.9765e-01 +/-  6.86e-02

chi2: 19.86 / 16 = 1.24
chi2 probability: 0.2266
2*nll_null - 2*nll: -14008.9731 - -14155.9110 = 146.9379
p-value: 8.097e-34
Gaussian significance: 12.1

\end{verbatim}
